type: Julia
cReal: -1
cImag: 0
pixels: 1024
centerX: -0.339230468501458
centerY: 0.417970758224314
axisLength: 0.164938488846612
Iterations: 78
