type: Mandelbrot
pixels: 640
centerX: -0.761335372924805
centerY: 0.0835704803466797
axisLength: 0.00497817993164062
Iterations: 100
